ŻÓŁTE TŁO
(0.686853567822263, 0.2450917803463516, 0.13352636160276474, 0.397163365352066, 0.09146051573506542, 0.19662259186363046, 0.05666901082095515)
dla foto1_400_500.jpeg
(2.427072041437893, 5.2799807924088595, 13.742160667510623, 16.72476390943532, 253.55201029597896, 38.43038156998959, 0.15267447548016025)
lewe dla foto_4.jpeg
(17.882265533196215, 314.4353576415758, 5639.592742925441, 5830.250902171575, 33431413.46394239, 103383.87799155999, 1.3350157395403501)
prawego nie udaje się
lewe dla 2_loga.jpg
(15.76813045658827, 245.00546008381488, 3930.926453145396, 4045.833899229705, 16134649.23005988, 63327.85057540295, 0.9071195030429422)
prawe dla 2_loga.jpg
(29.769865467577965, 882.2644976322769, 26953.717951784507, 27192.317702417615, 736170954.1938167, 807691.102978091, 0.995098081353545)

ŻÓŁTE MAŁE GÓWNO
(245.7950788880541, 60387.15430491104, 14872236.583059642, 14886042.34593103, 221491476303476.66, 3658065960.8321404, 7.016625168424906)

CZERWONY OKRĄG
(5.859920181023037, 10.008566574348364, 31.651026084949354, 231.5504212123223, 19822.66322812074, 732.5401453257624, 6.082524488403177)
dla foto1_400_500.jpeg
(7.945461665876301, 53.56779492389969, 497.27615829378243, 650.1545108584248, 369672.29698910075, 4757.13133678483, 2.39064154000253)

CZERWONE KÓŁKO
(21.28053280769795, 446.08229935529545, 9420.2873672454, 9707.726982658685, 92834287.0346491, 205033.60492476443, 1.6946943060533477)
dla foto1_400_500.jpeg
(70.68980354158997, 4976.162452986163, 351276.22200064623, 354219.6558303936, 124949166018.99521, 24987334.53644327, 5.221467940605401)

CZERWONE KWADRATO i
(18.318204334491664, 328.31562074938864, 5941.034879449036, 6202.129655653718, 37648032.41171808, 112379.37135055831, 1.810247322700141)
dla foto1_400_500.jpeg
(36.41997551851852, 1306.4894947676842, 46962.9051775231, 48414.50176313664, 2308557350.3883853, 1749959.2088191009, 4.981280500450945)

NIEBIESKIE TŁO
(1.8071208466987152, 0.6757005101434589, 0.5554326051312387, 6.4088486381149545, 12.091653880446593, 5.268137942065811, 0.6474963111074056)

NIEBIESKIE PIERWSZE L
(12.562698734425819, 152.2257072982402, 1878.0825164262324, 2021.443908120446, 3938670.494880064, 24940.10694678003, 1.3989230484259867)

NIEBIESKIE D
(9.605388112210104, 88.13798940091944, 821.2682524966793, 899.4280448361557, 773022.4463340277, 8443.995464411635, 1.031372846316945)

NIEBIESKIE DRUGIE L
(12.736283441514386, 156.95143300809667, 1971.73980810642, 2108.665614409309, 4299680.952300691, 26417.057808713205, 1.3153707236242227)
